A1 1 0 0 0 0 0 0 0 1 0 1 1 0 0 0 0 1 1 1 0 1 0 0 0 0 0 0 0 1 1 0 1 0 0 1 0 0 0 1 1 1 0 0 0 0 1 0 0 0 1 1 1 1 0 0 1 0 0 1 1 1 0 0 0 0 0 0 0 0 0 0 1 1 1 0 1 0 0 0 0 0 0 0 0 1 1 0 0 0 1 1 0 1 1 0 0 0 1 1 0
A2 1 0 0 1 0 0 0 1 1 1 0 0 1 1 1 0 0 0 0 0 0 1 0 0 0 1 0 1 0 1 0 0 0 0 0 0 1 0 0 1 0 0 1 0 0 0 0 1 0 0 0 1 0 0 0 0 1 1 1 1 0 0 0 0 1 0 0 0 1 0 0 1 0 0 0 0 0 1 0 1 1 0 1 1 1 0 0 0 0 1 0 0 0 1 1 0 0 0 0 0
A3 1 0 1 1 1 0 1 1 0 0 1 0 0 1 1 0 0 1 0 0 1 0 1 0 1 0 0 1 0 0 0 0 0 1 1 0 0 1 0 1 0 0 0 0 0 1 1 0 0 1 0 1 0 0 0 1 1 0 1 0 0 0 0 0 0 0 0 1 0 0 0 0 1 0 1 0 1 1 1 0 1 1 1 0 1 1 0 0 0 0 0 0 1 1 1 0 1 0 0 0
A4 0 1 0 1 1 0 0 0 1 1 0 1 0 0 1 1 1 0 0 0 0 1 0 1 0 1 0 0 1 1 1 1 1 0 0 0 1 0 0 1 0 1 1 1 0 0 0 0 0 1 0 0 1 0 0 0 1 0 0 1 1 1 0 1 0 0 0 1 0 1 0 0 0 1 0 1 0 1 0 0 0 0 0 0 0 1 0 0 0 0 1 1 0 0 0 0 0 1 0 1
A5 0 1 0 0 0 1 1 1 1 0 0 1 0 1 0 0 0 1 1 1 0 0 1 0 0 0 1 0 1 1 0 0 0 1 0 1 1 1 1 0 1 1 0 1 1 0 1 1 0 0 0 0 0 0 1 1 1 0 0 0 0 1 0 0 0 0 0 0 0 0 1 0 1 0 1 0 1 1 1 1 0 0 1 0 1 0 1 0 0 0 0 0 0 0 1 0 0 0 0 1
A6 0 1 1 0 1 1 0 0 1 0 1 0 0 0 0 0 0 0 0 0 0 1 1 0 1 0 0 0 1 0 0 1 1 0 0 1 0 0 0 1 0 0 0 0 0 0 0 0 0 0 0 0 0 1 1 0 1 0 1 1 0 0 0 0 1 0 0 0 1 1 0 1 1 0 0 0 1 1 0 1 1 1 0 1 0 1 0 1 0 1 0 1 0 0 0 0 0 1 0 1
A7 1 0 1 1 0 0 1 1 0 0 1 0 0 1 1 1 0 1 0 1 1 0 1 0 1 0 0 0 0 0 0 0 1 0 0 0 0 0 1 0 0 0 1 0 0 0 1 1 1 0 1 0 1 1 1 0 1 0 1 1 1 0 1 0 0 1 0 0 0 1 0 0 0 0 0 0 1 0 1 1 0 0 0 1 0 1 0 0 1 1 0 0 0 1 0 0 0 1 1 1
A8 1 0 0 0 0 1 0 0 1 0 1 0 0 0 0 1 1 1 0 1 1 1 0 0 0 0 0 0 0 1 0 0 0 0 1 0 0 0 1 0 0 0 1 0 0 1 1 0 0 0 1 0 1 0 0 1 1 0 0 1 1 1 0 0 0 0 1 0 1 0 0 1 1 1 1 0 0 0 1 0 0 1 1 0 1 0 0 1 1 1 1 1 1 1 0 0 1 1 0 1
A9 0 1 1 0 1 0 0 0 0 0 1 1 1 1 0 0 1 0 1 1 1 1 0 1 0 0 1 0 0 0 0 0 0 0 1 0 1 0 1 0 0 1 0 1 0 1 0 0 1 0 1 1 1 0 0 0 1 0 1 0 0 0 0 0 1 0 0 0 0 0 1 0 0 0 0 0 1 0 1 0 0 0 0 1 1 0 0 1 0 1 1 0 1 1 1 1 1 0 0 0
A10 0 1 0 1 1 0 1 1 1 0 0 0 0 0 0 1 0 1 0 0 0 1 0 1 0 0 1 0 0 0 1 0 0 1 0 1 0 1 0 0 0 0 0 1 1 1 0 0 1 0 0 1 1 0 1 0 1 0 0 0 1 1 1 1 0 1 0 1 1 0 0 1 0 1 0 1 0 1 1 1 1 0 1 0 1 0 0 0 1 0 1 0 1 0 1 1 0 1 1 0
A11 0 0 0 0 0 0 1 0 1 0 0 0 1 1 1 1 0 1 0 0 1 1 1 1 0 1 1 0 0 0 0 1 1 0 1 1 1 1 1 0 0 0 1 0 1 0 1 0 1 0 0 0 0 0 0 0 1 0 1 0 1 0 1 1 0 0 1 0 0 1 0 1 0 0 0 0 0 0 0 1 1 0 0 0 1 0 1 1 0 1 0 0 0 0 0 0 0 1 1 1
A12 0 1 0 0 0 1 1 0 0 1 0 0 0 0 0 1 0 0 0 1 1 0 1 1 0 0 0 1 0 0 1 0 1 1 0 0 0 1 0 0 0 0 0 1 1 0 0 1 0 0 0 0 1 0 1 0 1 0 1 0 1 1 0 1 0 0 0 0 0 0 1 1 1 1 0 1 0 0 1 0 1 0 1 1 1 0 0 0 1 1 1 1 0 0 0 0 0 1 0 1
A13 0 0 0 0 0 1 0 0 0 1 0 0 0 0 1 0 1 0 0 1 0 1 0 1 0 1 1 1 0 0 0 0 0 1 0 1 1 1 0 0 1 0 0 1 0 1 0 0 1 0 0 0 0 0 0 0 0 1 0 1 0 0 0 1 0 0 1 1 0 0 1 1 0 0 0 0 0 0 0 0 0 0 1 1 0 1 0 1 1 1 0 0 0 0 0 1 0 1 0 0
A14 0 1 1 0 0 0 1 0 1 0 1 0 1 0 1 0 1 0 1 0 0 0 0 0 0 0 0 0 1 0 1 0 0 1 1 1 0 0 0 1 0 1 0 1 0 1 0 0 0 0 1 1 0 1 1 0 1 1 0 1 0 1 0 1 0 1 1 0 0 1 0 1 0 1 1 0 1 0 0 0 0 0 0 0 0 0 1 0 0 0 1 0 1 0 0 0 0 1 0 1
A15 0 1 1 1 0 0 0 1 1 1 1 0 0 0 0 1 1 1 1 0 0 1 0 0 0 1 1 1 0 1 1 1 0 1 0 0 1 1 0 0 1 1 0 1 0 1 0 1 1 0 0 0 0 1 0 0 1 1 0 1 0 0 1 1 0 1 0 1 1 0 0 1 0 0 1 0 0 1 0 1 1 0 0 1 0 1 0 0 1 1 1 0 1 0 1 0 0 0 1 1
A16 0 0 0 0 0 0 1 1 1 0 0 0 0 1 0 0 1 1 0 0 0 0 1 0 0 0 0 0 1 1 0 0 0 1 0 0 0 0 1 0 1 0 0 0 0 0 1 1 0 0 0 0 0 1 0 0 1 0 0 0 1 0 0 0 0 1 1 0 1 1 1 1 0 0 0 0 0 1 0 1 1 0 1 1 0 1 1 1 0 0 0 0 0 0 0 0 1 0 0 1
A17 1 1 0 0 0 1 0 0 0 1 0 1 1 0 0 0 1 0 0 1 0 1 1 1 0 0 0 0 0 1 0 0 0 0 1 0 0 1 0 0 1 0 0 1 0 1 0 1 0 1 1 0 0 0 0 0 1 1 0 0 0 0 0 0 0 0 0 0 0 0 0 0 0 1 0 0 0 1 1 0 1 0 0 0 0 0 1 1 0 1 0 1 1 0 0 1 0 1 0 0
A18 0 1 0 1 1 0 0 0 1 0 0 0 1 0 0 1 0 1 0 1 0 1 1 1 0 0 0 0 1 1 1 1 0 0 1 0 0 0 0 0 0 1 0 1 0 1 1 0 0 1 0 0 1 1 0 1 0 0 0 0 0 0 1 0 0 0 0 1 0 1 1 1 0 0 0 0 0 1 1 0 1 1 1 0 1 1 1 0 0 0 0 0 1 1 1 1 1 1 1 0
A19 0 1 0 1 1 0 0 1 0 1 1 0 0 1 0 0 0 0 1 0 0 0 1 0 0 0 1 1 0 1 0 1 0 0 0 1 0 0 0 1 0 0 1 0 1 0 0 1 0 0 1 1 0 0 1 0 0 1 0 0 0 0 0 0 1 1 1 0 0 1 0 0 1 1 0 0 0 0 0 1 0 1 0 0 1 1 0 0 0 1 1 1 1 1 1 0 1 0 1 1
A20 1 0 0 0 0 1 0 1 1 1 1 0 0 0 0 0 1 0 0 0 1 1 0 1 1 1 0 1 1 0 0 0 0 0 1 1 0 1 0 0 1 0 0 0 0 1 0 0 0 1 1 0 1 0 0 0 0 1 1 0 1 1 1 1 0 1 0 0 0 1 0 0 1 0 1 0 1 0 0 1 0 0 1 1 1 0 1 0 0 0 1 0 0 0 0 0 0 0 1 0
B1 0 0 1 0 1 0 1 1 1 1 1 1 1 1 1 1 1 1 0 1 0 1 1 0 1 0 1 0 0 1 1 0 0 1 0 0 0 0 0 0 0 1 1 1 1 1 0 1 0 1 1 1 1 1 1 0 1 1 1 1 1 0 0 1 1 0 1 1 0 0 0 1 1 1 0 0 1 1 0 0 1 1 0 0 1 0 0 0 1 0 1 0 0 1 1 0 1 0 0 1
B2 1 1 0 0 1 1 1 0 0 0 1 1 1 0 0 1 1 1 0 0 0 0 0 0 1 1 0 0 0 0 1 0 0 1 0 0 0 1 1 1 0 1 0 1 0 1 1 0 1 1 1 1 1 0 0 0 1 1 0 1 0 1 1 0 0 0 1 0 0 1 0 1 0 1 1 1 1 1 0 1 0 0 1 1 1 1 1 1 1 1 1 1 1 0 0 0 1 0 0 1
B3 0 0 0 0 1 1 1 0 0 1 1 0 0 0 1 0 1 1 1 0 0 1 0 1 1 1 0 1 1 0 0 1 0 1 0 1 0 0 1 0 0 0 1 0 0 0 0 1 1 0 1 0 1 0 0 1 0 1 1 1 0 1 1 1 1 0 0 1 1 0 1 1 0 0 0 0 1 0 1 1 1 1 0 1 0 0 1 0 0 0 0 0 0 0 1 1 1 0 1 1
B4 1 0 0 1 1 1 1 1 1 0 0 1 1 1 0 1 0 0 1 1 1 1 1 1 1 1 0 0 0 1 1 1 1 0 1 1 0 0 1 0 0 0 0 0 0 1 1 1 1 1 1 1 0 1 1 1 1 1 0 0 1 1 0 1 0 1 1 1 0 0 1 1 0 0 1 1 0 0 1 1 1 0 0 0 0 1 1 1 1 1 0 1 1 0 1 1 0 1 1 0
B5 0 1 0 1 1 1 1 0 0 1 0 1 1 0 1 1 0 1 0 0 0 0 1 1 1 1 1 0 1 1 1 0 1 1 1 0 1 0 1 1 1 1 1 1 0 0 1 1 0 1 1 1 0 1 1 0 0 0 1 0 1 0 0 0 1 1 0 1 1 1 0 1 1 0 0 1 0 0 0 1 1 0 1 1 0 1 1 1 1 0 1 1 1 1 0 0 0 0 0 1
B6 1 0 1 0 1 0 0 0 1 1 0 1 1 1 0 1 1 1 1 0 0 1 1 0 0 1 1 0 0 1 0 0 1 0 1 0 0 1 1 1 0 0 0 0 0 1 0 0 1 1 0 1 0 1 1 0 1 1 0 1 1 0 1 1 1 1 0 1 1 1 1 1 1 1 0 1 1 1 1 1 1 1 0 1 0 0 0 0 1 0 1 1 0 1 0 0 1 0 1 0
B7 1 1 1 1 0 1 1 0 1 1 1 1 1 1 0 0 1 0 0 0 1 1 0 1 1 1 1 1 1 0 1 1 1 0 1 1 0 1 0 1 0 0 0 0 1 1 0 1 1 1 0 1 1 0 0 1 0 0 0 1 0 1 1 0 0 1 1 1 0 0 1 0 1 1 1 1 1 1 0 0 1 1 0 0 0 1 0 0 0 0 1 1 0 0 1 1 0 0 0 1
B8 0 1 0 1 1 1 0 0 1 0 1 1 1 1 1 0 0 1 0 1 0 0 1 0 0 1 0 1 1 1 1 0 0 1 1 1 0 1 1 1 1 1 1 1 0 0 0 1 0 1 1 0 0 0 1 1 0 1 0 0 1 1 0 1 1 1 0 1 1 1 0 1 0 0 1 1 0 1 1 0 1 1 0 0 0 1 0 0 1 1 1 0 0 1 1 1 0 1 0 1
B9 0 0 1 0 1 1 0 0 1 0 1 1 1 0 1 1 1 1 1 0 0 0 1 1 0 1 0 1 0 1 1 0 1 1 1 1 1 1 1 0 0 0 0 1 1 0 0 1 0 1 1 1 1 1 0 1 0 1 1 0 1 1 0 1 0 1 1 0 0 0 0 1 0 0 1 0 0 0 0 0 0 1 0 1 1 1 1 0 1 1 1 0 0 1 1 1 1 0 0 0
B10 1 1 0 0 1 1 0 0 1 1 0 1 0 0 0 1 1 0 1 1 0 0 0 0 1 0 0 1 0 1 0 1 1 1 1 1 1 0 1 1 1 1 1 1 1 1 1 1 1 1 1 0 1 1 1 1 1 1 0 1 0 1 1 1 0 0 0 0 1 0 1 1 1 1 0 0 0 1 0 1 1 0 0 1 0 0 1 1 1 1 1 1 1 1 1 0 1 1 1 1
B11 1 0 1 1 1 0 1 1 0 0 0 1 1 1 1 0 1 0 1 0 0 1 0 0 1 0 0 0 1 1 1 1 1 1 1 0 1 1 1 1 1 0 1 1 1 0 0 1 1 1 0 0 0 1 1 1 1 0 0 0 1 1 1 0 1 1 1 0 1 1 1 1 1 0 1 0 0 1 1 1 0 0 0 1 1 0 1 1 1 1 0 0 0 0 0 0 1 1 0 1
B12 0 1 0 1 0 0 0 0 0 1 0 1 0 1 1 1 1 1 1 1 1 0 0 1 1 0 1 0 1 1 1 0 0 0 1 1 1 0 1 1 1 0 0 1 1 1 1 0 1 1 0 1 0 0 0 1 1 1 1 1 0 0 1 0 1 0 1 0 1 1 0 0 0 0 1 0 1 1 0 0 1 0 1 1 0 1 1 0 1 1 1 1 1 0 1 1 0 1 1 1
B13 0 0 1 0 1 1 0 0 1 0 0 0 0 1 1 1 0 0 1 0 0 0 0 1 0 1 1 0 0 1 0 1 1 1 1 0 1 0 0 0 0 1 1 0 1 1 1 0 1 0 1 0 0 1 0 1 0 1 0 1 1 1 1 1 0 1 1 1 0 1 0 0 1 0 0 1 1 1 1 1 0 1 1 1 1 1 0 1 0 0 1 0 0 1 0 0 0 1 0 1
B14 0 1 1 0 1 0 1 1 1 1 0 0 1 1 1 1 1 1 1 0 0 1 0 1 0 0 1 1 1 1 0 1 0 1 0 1 1 0 1 0 0 0 1 0 0 1 0 0 0 1 1 1 1 0 1 1 1 1 1 1 0 1 1 1 1 1 1 1 1 1 0 1 1 0 0 0 1 1 1 1 1 1 1 1 0 1 1 1 0 1 1 0 0 1 0 0 0 0 0 1
B15 1 1 0 0 1 1 1 0 0 0 1 0 1 0 0 0 0 1 0 1 0 0 1 0 1 1 0 0 0 1 0 1 0 0 0 1 0 1 1 0 0 1 1 1 1 1 1 1 0 1 1 1 1 1 1 1 1 0 0 1 1 1 1 1 1 1 1 0 1 1 1 1 0 1 1 1 1 1 0 0 1 1 1 0 0 0 0 1 1 0 1 0 1 0 1 1 1 0 1 1
B16 1 1 0 1 1 0 0 0 0 1 1 0 1 1 0 1 1 0 1 1 1 0 0 0 1 1 0 1 1 1 0 0 1 1 1 1 1 0 1 0 1 0 0 1 1 0 0 1 1 1 1 1 0 0 0 1 0 0 0 0 1 1 1 1 1 0 1 0 0 1 1 1 0 1 1 1 1 1 0 1 0 1 1 1 1 0 1 0 1 1 1 1 0 0 0 1 1 1 1 1
B17 1 1 1 1 0 1 0 0 1 0 1 1 1 1 1 1 1 1 1 0 1 0 0 1 0 1 1 0 1 1 0 1 0 0 1 0 1 1 1 1 1 0 0 1 1 0 1 0 1 0 0 0 1 1 1 1 0 1 1 1 0 1 0 0 1 1 1 0 1 1 1 1 1 1 1 1 1 1 0 0 0 0 1 1 1 1 0 0 0 1 1 1 1 1 1 1 1 1 1 1
B18 1 1 0 0 1 0 1 0 1 0 0 0 0 1 0 1 0 1 0 0 1 1 0 1 1 1 1 1 1 0 1 1 1 0 0 0 1 0 0 1 0 0 1 1 1 0 1 1 1 0 1 1 0 1 1 1 1 1 1 0 0 1 1 0 0 1 1 1 0 1 0 1 0 1 0 1 1 0 1 0 1 0 0 0 0 0 1 0 1 1 1 0 1 0 1 1 0 0 0 1
B19 0 0 0 1 1 1 1 0 1 0 0 1 0 1 0 1 1 0 1 0 1 1 1 1 0 1 0 1 0 0 1 0 0 0 0 1 0 0 0 1 1 1 1 1 1 1 1 1 0 0 1 1 1 0 0 1 1 1 1 0 1 1 1 0 0 1 1 0 0 0 1 1 1 0 0 1 1 0 0 1 1 0 1 0 0 0 1 1 1 1 1 0 1 0 1 1 1 0 1 1
B20 1 1 1 1 1 0 0 0 1 1 1 1 0 0 1 0 0 1 1 1 0 0 1 0 1 0 1 0 0 0 1 1 0 1 1 1 1 1 0 1 1 1 0 1 1 1 0 1 1 0 1 1 1 1 1 0 0 1 0 1 1 0 0 0 0 1 1 0 0 0 0 1 1 1 1 0 0 0 1 0 0 0 0 1 1 1 1 1 0 1 1 0 1 1 1 0 1 0 1 1